 0.64475 0.377
 

 0.6535 0.3666
 

 0.64025 0.3612
 

 0.64625 0.3649
 

 0.645 0.3541
 

 0.650375 0.3614
 

 0.66325 0.3696
 

 0.6545 0.3546
 

 0.645 0.3541
 

 0.650875 0.3535
 

 0.66 0.3535
 

 0.5785 0.4912
 

 0.42325 0.6933
 

 0.435625 0.7022
 

 0.435625 0.7022
 

 0.4375 0.6986
 

 0.4355 0.702
 

 0.4355 0.702
 

 0.374625 0.6754
 

 0.28975 0.5794
 

 0.283 0.5649
 

 0.27975 0.5564
 

 0.285375 0.5511
 

 0.314375 0.618
 

 0.6325 0.8671
 

 0.748125 0.9181
 

 0.75125 0.9056
 

 0.750125 0.8989
 

 0.753125 0.8951
 

 0.763125 0.8917
 

 0.763125 0.8917
 

 0.759875 0.8831
 

 0.504 0.8577
 

 0.32775 0.8168
 

 0.3315 0.813
 

 0.33725 0.8105
 

 0.338625 0.8086
 

 0.294875 0.7337
 

 0.247 0.6575
 

 0.24425 0.6494
 

 0.24425 0.6494
 

 0.24425 0.6494
 

 0.259125 0.6487
 

 0.5855 0.7521
 

 0.89975 0.8175
 

 0.940625 0.8168
 

 0.95175 0.8111
 

 0.948375 0.7999
 

 0.94775 0.793
 

 0.948625 0.7878
 

 0.939375 0.7475
 

 0.8795 0.5862
 

 0.849875 0.5344
 

 0.86375 0.5167
 

 0.868 0.5238
 

 0.868 0.5238
 

 0.8625 0.514
 

 0.84825 0.4936
 

 0.78775 0.47
 

 0.810875 0.4947
 

 0.89775 0.6477
 

 0.91525 0.6458
 

 0.922875 0.6491
 

 0.922875 0.6491
 

 0.919875 0.6415
 

 0.924375 0.5271
 

 0.937875 0.4568
 

 0.941 0.4408
 

 0.93325 0.4365
 

 0.903125 0.2973
 

 0.91625 0.2817
 

 0.91625 0.2817
 

 0.923375 0.269
 

 0.89575 0.2705
 

 0.590625 0.2598
 

 0.31625 0.2587
 

 0.3 0.259
 

 0.30575 0.2535
 

 0.292875 0.2385
 

 0.292875 0.2385
 

 0.292875 0.2385
 

 0.29375 0.2339
 

 0.292875 0.2385
 

 0.308125 0.2805
 

 0.411625 0.4231
 

 0.423625 0.4327
 

 0.43675 0.4343
 

 0.43675 0.4343
 

 0.4405 0.4278
 

 0.43575 0.4198
 

 0.440375 0.4284
 

 0.43275 0.4243
 

 0.440375 0.4284
 

 0.451875 0.4634
 

 0.525875 0.4354
 

 0.532125 0.4512
 

 0.532125 0.4512
 

 0.50275 0.4205
 

 0.38725 0.3939
 

 0.38725 0.3939
 

 0.38725 0.3939
 

 0.38725 0.3939
 

 0.38725 0.3939
 

 0.38725 0.3939
 

 0.4155 0.4229
 

 0.481375 0.5019
 

 0.490875 0.4989
 

 0.50025 0.4959
 

 0.60925 0.37
 

 0.645375 0.3412
 

 0.65425 0.3378
 

 0.65925 0.3344
 

 0.659375 0.3444
 

 0.667875 0.3458
 

 0.67975 0.3713
 

 0.836125 0.4366
 

 0.841125 0.4495
 

 0.845375 0.4473
 

 0.8515 0.4482
 

 0.882375 0.4977
 

 0.91625 0.5613
 

 0.9195 0.5578
 

 0.9195 0.5578
 

 0.9195 0.5578
 

 0.92875 0.5786
 

 0.9545 0.6357
 

 0.964 0.6437
 

 0.964 0.6437
 

 0.959125 0.6314
 

 0.959125 0.6314
 

 0.959125 0.6314
 

 0.96275 0.1667
 

 0.97075 0.175
 

 0.97075 0.175
 

 0.97475 0.173
 

 0.977 0.1798
 

 0.97825 0.1652
 

 0.980125 0.1789
 

 0.97875 0.1599
 

 0.77 0.1845
 

 0.77 0.1845
 

 0.770375 0.1774
 

 0.770375 0.1774
 

 0.773125 0.1711
 

 0.722875 0.1897
 

 0.533125 0.2132
 

 0.54075 0.223
 

 0.546 0.2195
 

 0.533125 0.2132
 

 0.546 0.2195
 

 0.542625 0.2089
 

 0.546 0.22
 

 0.439 0.3447
 

 0.38725 0.3939
 

 0.389125 0.4001
 

 0.389125 0.4001
 

 0.393875 0.3995
 

 0.37475 0.3864
 

 0.2655 0.303
 

 0.26375 0.286
 

 0.26375 0.286
 

 0.26375 0.286
 

 0.269 0.3068
 

 0.267375 0.1864
 

 0.2675 0.1979
 

 0.269125 0.1832
 

 0.276125 0.1908
 

 0.277625 0.1818
 

 0.26725 0.2035
 

 0.196625 0.135
 

 0.209375 0.1421
 

 0.204625 0.1327
 

 0.24825 0.3968
 

 0.264125 0.7007
 

 0.2885 0.7218
 

 0.316125 0.7188
 

 0.316125 0.7188
 

 0.322625 0.7112
 

 0.322625 0.7112
 

 0.322625 0.7112
 

 0.35175 0.7342
 

 0.4055 0.7831
 

 0.40925 0.7813
 

 0.411125 0.7763
 

 0.411125 0.7763
 

 0.411125 0.7763
 

 0.4055 0.7831
 

 0.4055 0.7831
 

 0.468875 0.515
 

 0.469875 0.5169
 

 0.468875 0.515
 

 0.466125 0.5188
 

 0.46575 0.5191
 

 0.466125 0.5188
 

 0.46675 0.5207
 

 0.4685 0.4431
 

 0.472625 0.4404
 

 0.4685 0.4431
 

 0.47125 0.4384
 

 0.541625 0.3956
 

 0.55425 0.3941
 

 0.552875 0.3797
 

 0.552875 0.3797
 

 0.566 0.3976
 

 0.633375 0.2926
 

 0.633375 0.2926
 

 0.633375 0.2926
 

 0.63925 0.2991
 

 0.5275 0.3221
 

 0.262125 0.3583
 

 0.26175 0.365
 

 0.26175 0.365
 

 0.26175 0.365
 

 0.2505 0.4028
 

 0.233375 0.4311
 

 0.2415 0.4383
 

 0.2415 0.4383
 

 0.242875 0.4554
 

 0.24325 0.454
 

 0.246125 0.4521
 

 0.242125 0.4523
 

 0.235375 0.4416
 

 0.251375 0.4487
 

 0.259 0.4461
 

 0.2475 0.4388
 

 0.270375 0.4672
 

 0.282375 0.4751
 

 0.2785 0.4712
 

 0.272875 0.5246
 

 0.266875 0.5988
 

 0.277375 0.6068
 

 0.28325 0.6095
 

 0.261625 0.5376
 

 0.217875 0.1874
 

 0.230625 0.1959
 

 0.2345 0.1957
 

 0.23725 0.1962
 

 0.243125 0.1969
 

 0.238625 0.1988
 

 0.238625 0.1988
 

 0.31025 0.2389
 

 0.3865 0.2671
 

 0.3915 0.2648
 

 0.3915 0.2648
 

 0.3915 0.2648
 

 0.3865 0.2671
 

 0.381 0.285
 

 0.381 0.285
 

 0.381 0.285
 

 0.446 0.2309
 

 0.489125 0.1892
 

 0.485625 0.1795
 

 0.49225 0.1907
 

 0.501375 0.1643
 

 0.62025 0.176
 

 0.785625 0.1684
 

 0.777 0.1645
 

 0.784 0.1539
 

 0.783125 0.1604
 

 0.790125 0.1786
 

 0.93425 0.1579
 

 0.98275 0.177
 

 0.985125 0.1981
 

 0.975875 0.1661
 

 0.959 0.1931
 

 0.912375 0.3182
 

 0.912375 0.3182
 

 0.915625 0.3123
 

 0.9105 0.318
 

 0.929 0.3076
 

 0.91775 0.3135
 

 0.925375 0.3315
 

 0.900375 0.6433
 

 0.917875 0.6494
 

 0.917875 0.6494
 

 0.9235 0.6453
 

 0.9235 0.6453
 

 0.9235 0.6453
 

 0.903375 0.6488
 

 0.74625 0.6992
 

 0.706875 0.718
 

 0.713375 0.7166
 

 0.713375 0.7166
 

 0.662375 0.7118
 

 0.409875 0.7618
 

 0.403125 0.7546
 

 0.402875 0.7543
 

 0.409 0.7604
 

 0.409875 0.7618
 

 0.418125 0.7682
 

 0.417125 0.7633
 

 0.420625 0.6673
 

 0.426625 0.4729
 

 0.430125 0.4764
 

 0.4355 0.4742
 

 0.4355 0.4742
 

 0.440875 0.4787
 

 0.450875 0.467
 

 0.527125 0.4053
 

 0.55425 0.3941
 

 0.552875 0.3797
 

 0.552875 0.3797
 

 0.56275 0.3959
 

 0.65925 0.3746
 

 0.7165 0.3713
 

 0.722625 0.3632
 

 0.722625 0.3632
 

 0.726625 0.3732
 

 0.76975 0.4004
 

 0.776125 0.3991
 

 0.776125 0.3991
 

 0.777625 0.4056
 

 0.820875 0.3327
 

 0.901625 0.1448
 

 0.9145 0.1424
 

 0.9145 0.1424
 

 0.9145 0.1424
 

 0.9375 0.1527
 

 0.9635 0.1645
 

 0.968 0.1666
 

 0.968 0.1666
 

 0.968 0.1666
 

 0.968 0.1666
 

 0.968 0.1666
 

 0.99925 0.7318
 

 0.99875 0.7682
 

 1.016875 0.7509
 

 1.0335 0.7555
 

 1.034625 0.762
 

 1.048 0.8088
 

 1.052375 0.8084
 

 1.05775 0.7975
 

 1.05775 0.7975
 

 0.953125 0.7676
 

 0.7835 0.8228
 

 0.7805 0.819
 

 0.78075 0.819
 

 0.785 0.8149
 

 0.764 0.809
 

 0.460875 0.5052
 

 0.2575 0.4029
 

 0.2585 0.408
 

 0.2585 0.408
 

 0.263125 0.4124
 

 0.263125 0.4124
 

 0.212375 0.3639
 

 0.1905 0.3455
 

 0.188875 0.3372
 

 0.1905 0.3455
 

 0.202 0.3521
 

 0.169 0.4989
 

 0.15825 0.513
 

 0.383375 0.4557
 

 0.383 0.4499
 

 0.386 0.4463
 

 0.386 0.4463
 

 0.3745 0.4244
 

 0.38225 0.4209
 

 0.378 0.4232
 

 0.3855 0.4198
 

 0.5035 0.4336
 

 0.525375 0.4334
 

 0.524625 0.428
 

 0.524625 0.428
 

 0.524625 0.428
 

 0.522 0.4247
 

 0.517875 0.4301
 

 0.304375 0.5262
 

 0.245375 0.5585
 

 0.247875 0.5654
 

 0.247875 0.5654
 

 0.245375 0.5585
 

 0.267375 0.5949
 

 0.286875 0.6859
 

 0.285125 0.6955
 

 0.284375 0.6948
 

 0.293625 0.6993
 

 0.292 0.6976
 

 0.2935 0.6919
 

 0.365375 0.8001
 

 0.37175 0.8032
 

 0.36975 0.8044
 

 0.37675 0.7634
 

 0.36725 0.5348
 

 0.377625 0.5207
 

 0.382875 0.5209
 

 0.393 0.5127
 

 0.392125 0.5133
 

 0.392125 0.5133
 

 0.390125 0.5077
 

 0.392125 0.5133
 

 0.392 0.5138
 

 0.392125 0.5133
 

 0.46225 0.5622
 

 0.577625 0.6665
 

 0.583625 0.6679
 

 0.583625 0.6679
 

 0.597 0.665
 

 0.59125 0.6647
 

 0.628375 0.6829
 

 0.743875 0.7922
 

 0.744625 0.7771
 

 0.745125 0.7734
 

 0.74375 0.7762
 

 0.745625 0.7812
 

 0.74825 0.7733
 

 0.900125 0.6616
 

 0.914 0.65
 

 0.9185 0.644
 

 0.9205 0.6447
 

 0.924 0.643
 

 0.922875 0.6381
 

 0.924 0.643
 

 0.948625 0.5028
 

 0.9465 0.4515
 

 0.958375 0.443
 

 0.972125 0.4458
 

 0.972125 0.4458
 

 0.975125 0.448
 

 0.9765 0.413
 

 0.96175 0.2511
 

 0.97425 0.2308
 

 0.9815 0.2386
 

 0.984375 0.2369
 

 0.985125 0.2406
 

 0.985125 0.2406
 

 0.87975 0.7181
 

 0.878875 0.7262
 

 0.88375 0.7243
 

 0.89175 0.7197
 

 0.9185 0.7013
 

 0.922875 0.6998
 

 0.9295 0.6969
 

 0.934125 0.6961
 

 0.8385 0.6277
 

 0.416375 0.4037
 

 0.308125 0.2443
 

 0.247375 0.3096
 

 0.243625 0.3214
 

 0.24975 0.3237
 

 0.24975 0.3237
 

 0.256375 0.3462
 

 0.256 0.3515
 

 0.256375 0.3462
 

 0.25275 0.3022
 

 0.25275 0.304
 

 0.254125 0.3116
 

 0.257375 0.3167
 

 0.262875 0.3188
 

 0.197 0.3759
 

 0.16875 0.439
 

 0.1625 0.4289
 

 0.1625 0.4289
 

 0.523 0.3852
 

 0.523 0.3852
 

 0.523 0.3852
 

 0.523 0.3852
 

 0.520625 0.3953
 

 0.523 0.3852
 

 0.523 0.3852
 

 0.555625 0.4109
 

 0.55675 0.4223
 

 0.5565 0.4209
 

 0.555375 0.4152
 

 0.557 0.4216
 

 0.5735 0.3976
 

 0.646875 0.3577
 

 0.6655 0.3508
 

 0.6655 0.3508
 

 0.6635 0.344
 

 0.662125 0.3372
 

 0.452625 0.3018
 

 0.2 0.2358
 

 0.2 0.2358
 

 0.2 0.2358
 

 0.201 0.2345
 

 0.201 0.2345
 

 0.2005 0.2265
 

 0.2005 0.2265
 

 0.142625 0.4316
 

 0.1495 0.5662
 

 0.173875 0.5554
 

 0.174375 0.5541
 

 0.17425 0.5447
 

 0.172875 0.5477
 

 0.1995 0.5882
 

 0.2675 0.6674
 

 0.281 0.6703
 

 0.2815 0.6741
 

 0.279 0.6739
 

 0.318625 0.6904
 

 0.652375 0.7377
 

 0.97675 0.7555
 

 0.995125 0.7499
 

 1.012125 0.7412
 

 1.012125 0.7412
 

 1.02625 0.7296
 

 1.02775 0.7356
 

 0.995875 0.6691
 

 1.0065 0.4714
 

 1.007375 0.4061
 

 1.01375 0.3988
 

 1.010375 0.4059
 

 1.01375 0.3988
 

 1.013625 0.3313
 

 0.96575 0.2392
 

 0.9895 0.2518
 

 0.992625 0.2446
 

 0.992625 0.2446
 

 0.992625 0.2446
 

 0.992625 0.2446
 

 0.955625 0.2444
 

 0.630125 0.3721
 

 0.594 0.4022
 

 0.594 0.4022
 

 0.603625 0.41
 

 0.60175 0.3906
 

 0.619125 0.3945
 

 0.577875 0.425
 

 0.496125 0.4493
 

 0.498625 0.4505
 

 0.498625 0.4505
 

 0.498625 0.4505
 

 0.5005 0.4502
 

 0.498625 0.4505
 

 0.34475 0.4929
 

 0.239125 0.5178
 

 0.239125 0.5178
 

 0.239125 0.5178
 

 0.239125 0.5178
 

 0.239125 0.5178
 

 0.239125 0.5178
 

 0.239125 0.5178
 

 0.239125 0.5178
 

 0.21475 0.5423
 

 0.173875 0.5554
 

 0.173875 0.5554
 

 0.173875 0.5554
 

 0.172875 0.5477
 

 0.217125 0.3448
 

 0.240875 0.2781
 

 0.240875 0.2781
 

 0.24975 0.2607
 

 0.2505 0.2464
 

 0.24975 0.2607
 

 0.2775 0.2864
 

 0.29275 0.26
 

 0.292125 0.2693
 

 0.28175 0.251
 

 0.316 0.2818
 

 0.4975 0.4534
 

 0.523 0.4506
 

 0.524625 0.4498
 

 0.54125 0.4303
 

 0.54125 0.4304
 

 0.53175 0.4306
 

 0.567875 0.4573
 

 0.573375 0.4502
 

 1.03675 0.8248
 

 1.0415 0.8251
 

 1.04375 0.8212
 

 1.066125 0.8387
 

 1.0365 0.8289
 

 1.044375 0.8206
 

 1.025125 0.8015
 

 0.6895 0.5769
 

 0.549375 0.4904
 

 0.549375 0.4904
 

 0.55775 0.4796
 

 0.55775 0.4796
 

 0.549 0.4819
 

 0.45725 0.4885
 

 0.425 0.482
 

 0.439375 0.4916
 

 0.439375 0.4916
 

 0.44525 0.488
 

 0.360125 0.6031
 

 0.28425 0.6722
 

 0.285375 0.674
 

 0.285375 0.674
 

 0.285375 0.674
 

 0.285375 0.674
 

 0.291125 0.6794
 

 0.287625 0.4806
 

 0.33 0.275
 

 0.36525 0.2525
 

 0.362625 0.2531
 

 0.36525 0.2525
 

 0.36525 0.2525
 

 0.36675 0.2448
 

 0.36675 0.2448
 

 0.3205 0.7649
 

 0.36125 0.809
 

 0.36775 0.8088
 

 0.36775 0.8088
 

 0.37375 0.8008
 

 0.390125 0.7947
 

 0.39575 0.7987
 

 0.39525 0.8054
 

 0.2915 0.6172
 

 0.24425 0.2776
 

 0.2635 0.2547
 

 0.265125 0.2641
 

 0.2635 0.2547
 

 0.2635 0.2547
 

 0.27725 0.2439
 

 0.22775 0.2217
 

 0.22775 0.2217
 

 0.22775 0.2217
 

 0.22775 0.2217
 

 0.227625 0.2319
 

 0.42125 0.2471
 

 0.8485 0.2763
 

 0.925375 0.2831
 

 0.925125 0.2685
 

 0.925125 0.2685
 

 0.925125 0.2685
 

 0.927625 0.2664
 

 0.9385 0.2644
 

 1.009625 0.294
 

 1.01275 0.2724
 

 1.009125 0.2807
 

 1.0145 0.2675
 

 0.989 0.2765
 

 0.705125 0.3901
 

 0.64825 0.411
 

 0.64825 0.411
 

 0.653375 0.4077
 

 0.65775 0.4075
 

 0.653375 0.4077
 

 0.653375 0.4077
 

 0.653375 0.4077
 

 0.60725 0.4519
 

 0.5535 0.4812
 

 0.5585 0.4864
 

 0.563125 0.4853
 

 0.55775 0.4796
 

 0.55775 0.4796
 

 0.55775 0.4796
 

 0.563125 0.4853
 

 0.569125 0.4772
 

 0.58225 0.4652
 

 0.586625 0.4584
 

 0.58825 0.4474
 

 0.580875 0.4466
 

 0.59 0.4446
 

 0.59 0.4446
 

 0.580875 0.4466
 

 0.580875 0.4466
 

 0.59 0.4446
 

 0.211875 0.9465
 

 0.211875 0.9465
 

 0.207125 0.9417
 

 0.176 0.7165
 

 0.187125 0.7143
 

 0.16575 0.638
 

 0.159125 0.5659
 

 0.163875 0.5564
 

 0.163875 0.5564
 

 0.165125 0.5542
 

 0.163875 0.5564
 

 0.176 0.5516
 

 0.339 0.5569
 

 0.75825 0.6519
 

 0.794875 0.64
 

 0.804125 0.6326
 

 0.800875 0.6272
 

 0.800875 0.6272
 

 0.804 0.6218
 

 0.801125 0.6109
 

 0.676 0.5251
 

 0.6745 0.5175
 

 0.6745 0.5075
 

 0.677875 0.5022
 

 0.677 0.5029
 

 0.90175 0.4618
 

 0.9295 0.4473
 

 0.936625 0.4475
 

 0.933625 0.4444
 

 0.933625 0.4444
 

 0.95475 0.411
 

 0.977375 0.2871
 

 0.98975 0.2886
 

 0.98975 0.2886
 

 0.99275 0.2876
 

 0.98975 0.2886
 

 0.98975 0.2886
 

 0.488125 0.575
 

 0.504 0.5642
 

 0.5055 0.5635
 

 0.49075 0.5745
 

 0.49825 0.5473
 

 0.50425 0.5571
 

 0.50275 0.545
 

 0.4795 0.5238
 

 0.346625 0.4082
 

 0.346625 0.4082
 

 0.3545 0.4019
 

 0.3545 0.4019
 

 0.34825 0.4014
 

 0.3005 0.3761
 

 0.175 0.3202
 

 0.175 0.3202
 

 0.1805 0.3215
 

 0.175 0.3202
 

 0.175 0.3202
 

 0.175 0.3202
 

 0.756875 0.8604
 

 0.786 0.9056
 

 0.795 0.8878
 

 0.786 0.9056
 

 0.786 0.9056
 

 0.786 0.9056
 

 0.75975 0.9074
 

 0.37675 0.8989
 

 0.647 0.424
 

 0.647 0.424
 

 0.64925 0.4223
 

 0.646625 0.4167
 

 0.64875 0.408
 

 0.648 0.4006
 

 0.6515 0.4001
 

 0.6515 0.4001
 

 0.6515 0.4001
 

 0.638375 0.3892
 

 0.638375 0.3892
 

 0.616125 0.3858
 

 0.4115 0.4864
 

 0.418625 0.4921
 

 0.402125 0.4887
 

 0.4235 0.4908
 

 0.42425 0.4864
 

 0.431125 0.4994
 

 0.5245 0.6227
 

 0.5345 0.6462
 

 0.561875 0.6438
 

 0.56375 0.6308
 

 0.55025 0.6576
 

 0.348375 0.7798
 

 0.351125 0.7831
 

 0.359125 0.7841
 

 0.359125 0.7841
 

 0.369125 0.7785
 

 0.245125 0.6893
 

 0.174875 0.5652
 

 0.174875 0.5652
 

 0.177375 0.5706
 

 0.177 0.5599
 

 0.184125 0.5694
 

 0.174125 0.5694
 

 0.148875 0.5547
 

 0.162375 0.5596
 

 0.162625 0.5596
 

 0.162625 0.5596
 

 0.162625 0.5596
 

 0.15325 0.2578
 

 0.177375 0.2509
 

 0.185 0.2504
 

 0.191 0.2598
 

 0.185 0.2504
 

 0.191 0.2598
 

 0.187 0.1771
 

 0.184 0.1782
 

 0.18375 0.1711
 

 0.192625 0.1736
 

 0.189 0.1707
 

 0.259375 0.1936
 

 0.618875 0.4687
 

 0.664375 0.5806
 

 0.68325 0.5716
 

 0.69875 0.5672
 

 0.700875 0.5671
 

 0.720125 0.5631
 

 0.720125 0.5631
 

 0.707125 0.5605
 

 0.727375 0.5588
 

 0.7335 0.608
 

 0.734375 0.7704
 

 0.726 0.7571
 

 0.726 0.7571
 

 0.726 0.7571
 

 0.727625 0.7512
 

 0.735625 0.7464
 

 0.824 0.7305
 

 0.8855 0.5759
 

 0.888125 0.572
 

 0.892375 0.5573
 

 0.9145 0.5472
 

 0.9115 0.5512
 

 0.919125 0.5319
 

 0.934625 0.4784
 

 0.97625 0.3281
 

 0.977375 0.3162
 

 0.992125 0.314
 

 0.9995 0.3103
 

 0.9995 0.3103
 

 0.9995 0.3103
 

 0.994 0.3071
 

 0.99775 0.3016
 

 1.018625 0.2015
 

 1.018625 0.2015
 

 1.02 0.2019
 

 1.02 0.2019
 

 0.961625 0.2382
 

 0.961625 0.2382
 

 0.675125 0.4713
 

 0.685 0.4661
 

 0.694125 0.4964
 

 0.69825 0.5026
 

 0.740875 0.5275
 

 0.764375 0.5267
 

 0.766875 0.5426
 

 0.775875 0.536
 

 0.76675 0.5306
 

 0.769 0.5264
 

 0.633375 0.5467
 

 0.518875 0.6233
 

 0.518875 0.6233
 

 0.524125 0.6198
 

 0.524125 0.6198
 