0.5505 0.6639 8 7 2699.1000 2899.0000 199.9000
0.0916 0.8975 135 134 2998.9000 7430.7000 4431.8000
1.1437 0.8872 149 146 7597.3000 12428.9000 4831.6000
0.3424 0.7220 151 148 12595.5000 17493.8000 4898.3000
0.8857 0.7093 162 161 17593.7000 22925.2000 5331.5000
0.6077 0.5027 153 152 22958.5000 27990.0000 5031.5000
0.3436 0.2959 160 159 28056.7000 33321.4000 5264.7000
0.8933 0.2917 162 157 33521.4000 38719.5000 5198.1000
1.1099 0.0719 10 10 38786.2000 39086.1000 299.9000
0.1070 0.1030 173 170 39186.0000 44817.3000 5631.3000
1.1519 0.0961 181 167 44950.6000 50482.0000 5531.4000