0.8011 0.3416 72432.4000
0.8011 0.3416 72432.4000
0.7980 0.3481 72465.7000
0.7955 0.3534 72482.4000
0.7965 0.3528 72499.1000
0.7984 0.3425 72515.7000
0.7950 0.3543 72532.4000
0.7946 0.3534 72549.0000
0.7942 0.3538 72565.7000
0.7937 0.3540 72582.3000
0.7871 0.3599 72599.0000
0.6613 0.4454 72615.6000
0.5187 0.5233 72632.3000
0.4456 0.5481 72649.0000
0.4459 0.5469 72665.7000
0.4462 0.5473 72682.3000
0.4410 0.5460 72699.0000
0.4380 0.5510 72715.6000
0.3796 0.6184 72732.3000
0.2853 0.7433 72748.9000
0.1893 0.8404 72765.6000
0.1273 0.8918 72782.3000
0.1217 0.9123 72798.9000
0.1158 0.9117 72815.6000
0.1190 0.9247 72832.3000
0.1178 0.9250 72848.9000
0.1151 0.9233 72865.6000
0.1149 0.9251 72882.2000
0.1154 0.9280 72898.9000
0.1133 0.9192 72915.5000
0.0994 0.9177 72932.2000
0.0930 0.9259 72948.9000
0.0990 0.9161 72965.5000
0.1004 0.9162 72982.2000
0.0980 0.9181 72998.9000
0.0907 0.9164 73015.5000
0.0978 0.9202 73032.2000
0.0893 0.9171 73048.8000
0.0956 0.9200 73065.5000
0.0918 0.9183 73082.1000
0.0959 0.9194 73098.8000
0.0911 0.9198 73115.5000
0.0927 0.9174 73132.2000
0.0926 0.9152 73148.8000
0.1004 0.9166 73165.5000
0.1025 0.9169 73182.1000
0.1064 0.9177 73198.8000
0.1069 0.9136 73215.4000
0.1086 0.9179 73232.1000
0.1068 0.9179 73248.7000
0.1098 0.9151 73265.4000
0.1068 0.9195 73282.1000
0.1082 0.9185 73298.8000
0.1064 0.9193 73315.4000
0.1069 0.9208 73332.1000
0.1205 0.9057 73348.7000
0.2253 0.8886 73365.4000
0.2670 0.8898 73382.1000
0.2615 0.8922 73398.7000
0.2627 0.8933 73415.3000
0.2600 0.8946 73432.0000
0.2670 0.9038 73448.7000
0.2604 0.8953 73465.4000
0.2599 0.8955 73482.0000
0.2598 0.8950 73498.7000
0.2579 0.8960 73515.3000
0.2293 0.9014 73532.0000
0.1439 0.9091 73548.6000
0.1375 0.9012 73565.3000
0.1372 0.9007 73582.0000
0.1381 0.9017 73598.6000
0.1358 0.9023 73615.3000
0.1348 0.9078 73632.0000
0.1359 0.9019 73648.6000
0.1339 0.9098 73665.3000
0.1339 0.9024 73681.9000
0.1333 0.9120 73698.6000
0.1320 0.9138 73715.2000
0.1326 0.9112 73731.9000
0.1319 0.9154 73748.6000
0.1321 0.9155 73765.2000
0.1298 0.9135 73781.9000
0.1315 0.9152 73798.6000
0.1299 0.9140 73815.2000
0.1291 0.9149 73831.9000
0.1281 0.9134 73848.5000
0.1306 0.9165 73865.2000
0.1280 0.9140 73881.8000
0.1295 0.9150 73898.5000
0.1339 0.9044 73915.2000
0.1310 0.9157 73931.9000
0.1311 0.9127 73948.5000
0.1309 0.9121 73965.2000
0.1315 0.9138 73981.8000
0.1350 0.9054 73998.5000
0.1339 0.9041 74015.1000
0.1320 0.9149 74031.8000
0.1314 0.9151 74048.4000
0.1319 0.9148 74065.1000
0.1344 0.9027 74081.8000
0.1338 0.9066 74098.5000
0.1340 0.9028 74115.1000
0.1344 0.9050 74131.8000
0.1345 0.9041 74148.4000
0.1369 0.9079 74165.1000
0.1344 0.9032 74181.7000
0.1349 0.9062 74198.4000
0.1467 0.9043 74215.0000
0.2602 0.8966 74231.7000
0.3575 0.8899 74248.4000
0.3490 0.8994 74265.1000
0.3536 0.9060 74281.7000
0.3539 0.9029 74298.4000
0.3539 0.9029 74315.0000
0.3459 0.9026 74331.7000
0.3536 0.9060 74348.3000
0.3458 0.9057 74365.0000
0.3508 0.9092 74381.7000
0.3454 0.9088 74398.3000
0.3473 0.9190 74415.0000
0.3466 0.9258 74431.7000
0.3479 0.9088 74448.3000
0.3476 0.9119 74465.0000
0.3561 0.9093 74481.6000
0.3529 0.9156 74498.3000
0.3455 0.9088 74514.9000
0.3561 0.9093 74531.6000
0.3561 0.9093 74548.3000
0.3561 0.9093 74565.0000
0.3556 0.9152 74581.6000
0.3485 0.9058 74598.3000
0.3505 0.9157 74614.9000
0.3559 0.9126 74631.6000
0.3531 0.9125 74648.2000
0.3531 0.9125 74664.9000
0.3531 0.9125 74681.5000
0.3508 0.9126 74698.2000
0.3537 0.9093 74714.9000
0.3537 0.9093 74731.6000
0.3537 0.9093 74748.2000
0.3537 0.9093 74764.9000
0.3537 0.9093 74781.5000
0.3559 0.9126 74798.2000
0.3537 0.9093 74814.8000
0.3561 0.9093 74831.5000
0.3561 0.9093 74848.1000
0.3531 0.9125 74864.8000
0.3537 0.9093 74881.5000
0.3531 0.9125 74898.2000
0.3561 0.9093 74914.8000
0.3561 0.9093 74931.5000
0.3561 0.9093 74948.1000
0.3561 0.9093 74964.8000
0.3537 0.9093 74981.4000
0.3561 0.9093 74998.1000
0.3561 0.9093 75014.8000
0.3539 0.9029 75031.4000
0.3561 0.9093 75048.1000
0.3536 0.9060 75064.8000
0.3561 0.9093 75081.4000
0.3561 0.9093 75098.1000
0.3561 0.9093 75114.7000
0.3561 0.9093 75131.4000
0.3564 0.9061 75148.0000
0.3566 0.9027 75164.7000
0.3592 0.9030 75181.4000
0.3571 0.8930 75198.0000
0.3545 0.8966 75214.7000
0.3590 0.9030 75231.4000
0.3561 0.9093 75248.0000
0.3619 0.9030 75264.7000
0.3561 0.9093 75281.3000
0.3561 0.9093 75298.0000
0.3564 0.9061 75314.6000
0.3595 0.8962 75331.3000
0.3568 0.8997 75348.0000
0.3642 0.9000 75364.7000
0.3565 0.9029 75381.3000
0.3564 0.8990 75398.0000
0.3619 0.9030 75414.6000
0.3629 0.9103 75431.3000
0.3619 0.9030 75447.9000
0.3599 0.8932 75464.6000
0.3561 0.9093 75481.2000
0.3559 0.9126 75497.9000
0.3589 0.9093 75514.6000
0.3568 0.8997 75531.3000
0.3623 0.8991 75547.9000
0.3584 0.9106 75564.6000
0.3590 0.9061 75581.2000
0.3644 0.8995 75597.9000
0.3619 0.9030 75614.5000
0.3671 0.9002 75631.2000
0.5030 0.8698 75647.9000
0.7388 0.8381 75664.5000
0.9644 0.8209 75681.2000
1.1069 0.8057 75697.9000
1.1119 0.8170 75714.5000
1.1138 0.8161 75731.2000
1.1160 0.8189 75747.8000
1.1153 0.8196 75764.5000
1.1166 0.8210 75781.1000
1.1184 0.8223 75797.8000
1.1196 0.8313 75814.5000
1.1199 0.8453 75831.1000
1.1226 0.8403 75847.8000
1.1309 0.8234 75864.5000
1.1395 0.8244 75881.1000
1.1426 0.8500 75897.8000
1.1356 0.9201 75914.4000
1.1305 0.8976 75931.1000
1.1274 0.8855 75947.7000
1.1179 0.8663 75964.4000
1.1134 0.8620 75981.1000
1.1090 0.8662 75997.8000
1.1084 0.8681 76014.4000
1.1059 0.8726 76031.1000
1.1059 0.8698 76047.7000
1.1044 0.8733 76064.4000
1.1062 0.8731 76081.0000
1.1041 0.8723 76097.7000
1.1039 0.8749 76114.3000
1.1044 0.8760 76131.0000
1.1038 0.8756 76147.7000
1.1058 0.8721 76164.4000
1.1053 0.8822 76181.0000
1.1061 0.8735 76197.7000
1.1041 0.8753 76214.3000
1.1056 0.8768 76231.0000
1.1082 0.8846 76247.6000
1.1088 0.8836 76264.3000
1.1089 0.8839 76280.9000
1.1067 0.8807 76297.6000
1.1094 0.8842 76314.3000
1.1055 0.8833 76331.0000
1.1050 0.8817 76347.6000
1.1046 0.8819 76364.3000
1.1045 0.8815 76380.9000
1.1044 0.8843 76397.6000
1.1025 0.8823 76414.2000
1.1030 0.8819 76430.9000
1.1026 0.8799 76447.6000
1.1039 0.8788 76464.2000
1.1016 0.8781 76480.9000
1.1030 0.8775 76497.6000
1.1015 0.8789 76514.2000
1.1027 0.8795 76530.9000
1.1026 0.8800 76547.5000
1.1025 0.8780 76564.2000
1.1015 0.8797 76580.8000
1.1026 0.8812 76597.5000
1.1010 0.8776 76614.2000
1.1021 0.8799 76630.8000
1.1010 0.8781 76647.5000
1.1015 0.8774 76664.2000
1.1001 0.8762 76680.8000
1.1020 0.8784 76697.5000
1.1026 0.8748 76714.1000
1.1031 0.8799 76730.8000
1.1020 0.8776 76747.4000
1.1044 0.8788 76764.2000
1.1029 0.8810 76780.8000
1.1050 0.8777 76797.5000
1.1033 0.8764 76814.1000
1.1041 0.8785 76830.8000
1.1035 0.8782 76847.4000
1.1029 0.8777 76864.1000
1.1035 0.8781 76880.7000
1.1029 0.8744 76897.4000
1.1027 0.8790 76914.0000
1.1036 0.8801 76930.7000
1.1045 0.8779 76947.4000
1.1048 0.8798 76964.1000
1.1039 0.8773 76980.7000
1.1038 0.8757 76997.4000
1.1034 0.8794 77014.0000
1.1011 0.8759 77030.7000
1.1050 0.8783 77047.3000
1.1054 0.8812 77064.0000
1.1045 0.8704 77080.6000
1.1011 0.8759 77097.3000
1.1030 0.8722 77114.0000
1.1011 0.8759 77130.7000
1.1026 0.8725 77147.3000
1.1011 0.8759 77164.0000
1.1029 0.8671 77180.6000
1.1026 0.8755 77197.3000
1.1005 0.8722 77213.9000
1.0993 0.8754 77230.6000
1.1014 0.8754 77247.3000
1.0946 0.8770 77263.9000
1.1020 0.8755 77280.6000
1.0993 0.8754 77297.3000
1.1015 0.8718 77313.9000
1.0993 0.8754 77330.6000
1.0136 0.8159 77347.2000
0.9089 0.7066 77363.9000
0.8718 0.6299 77380.5000
0.8789 0.6347 77397.2000
0.8770 0.6310 77413.9000
0.8761 0.6315 77430.6000
0.8760 0.6334 77447.2000
0.8775 0.6345 77463.9000
0.8780 0.6334 77480.5000
0.8839 0.6409 77497.2000
0.9551 0.7168 77513.8000
1.0419 0.7802 77530.5000
1.0861 0.8162 77547.1000
1.0744 0.8194 77563.8000
1.0835 0.8212 77580.5000
1.0892 0.8276 77597.2000
1.0829 0.8351 77613.8000
1.0884 0.8330 77630.5000
1.0829 0.8379 77647.1000
1.0779 0.8400 77663.8000
1.0794 0.8407 77680.4000
1.0940 0.8658 77697.1000
1.0990 0.8637 77713.7000
1.0990 0.8637 77730.4000
1.0990 0.8637 77747.1000
1.0990 0.8637 77763.8000
1.1004 0.8670 77780.4000
1.0985 0.8665 77797.1000
1.0987 0.8666 77813.7000
1.0964 0.8689 77830.4000
1.0946 0.8659 77847.0000
1.0933 0.8746 77863.7000
1.0964 0.8689 77880.4000
1.0965 0.8689 77897.0000
1.0969 0.8660 77913.7000
1.0985 0.8665 77930.4000
1.0959 0.8715 77947.0000
1.0985 0.8665 77963.7000
1.0929 0.8768 77980.3000
1.0964 0.8689 77997.0000
1.0951 0.8751 78013.6000
1.0953 0.8721 78030.3000
1.0985 0.8665 78047.0000
1.0905 0.8740 78063.7000
1.0953 0.8721 78080.3000
1.0953 0.8721 78097.0000
1.0985 0.8665 78113.6000
1.0935 0.8686 78130.3000
1.0935 0.8686 78146.9000
1.0985 0.8665 78163.6000
1.0935 0.8686 78180.2000
1.0985 0.8665 78196.9000
1.0990 0.8637 78213.6000
1.0985 0.8665 78230.3000
1.0905 0.8740 78246.9000
1.0905 0.8740 78263.6000
1.0933 0.8713 78280.2000
1.0929 0.8739 78296.9000
1.1009 0.8667 78313.5000
1.0935 0.8686 78330.2000
1.0905 0.8740 78346.8000
1.0953 0.8721 78363.5000
1.0953 0.8721 78380.2000
1.0929 0.8739 78396.9000
1.1020 0.8722 78413.5000
1.1020 0.8722 78413.5000
1.0959 0.8684 78446.8000
1.0946 0.8770 78463.5000
1.0953 0.8721 78480.1000
1.0993 0.8754 78496.8000
1.0946 0.8770 78513.5000
1.0946 0.8770 78530.1000
1.0951 0.8792 78546.8000
1.0949 0.8745 78563.5000
1.0946 0.8764 78580.1000
1.0998 0.8715 78596.8000
1.0804 0.8579 78613.4000
0.9284 0.7186 78630.1000
0.7117 0.5241 78646.7000
0.6094 0.4760 78663.4000
0.6188 0.4750 78680.1000
0.6186 0.4643 78696.7000
0.6169 0.4644 78713.4000
0.6235 0.4616 78730.1000
0.6210 0.4750 78746.7000
0.6202 0.4775 78763.4000
0.6129 0.4797 78780.0000
0.6121 0.4802 78796.7000
0.5864 0.4819 78813.3000
0.5892 0.4767 78830.0000
0.5886 0.4755 78846.7000
0.5890 0.4791 78863.4000
0.5890 0.4791 78880.0000
0.5885 0.4826 78896.7000
0.5927 0.4787 78913.3000
0.5870 0.4850 78930.0000
0.5884 0.4865 78946.6000
0.5873 0.4925 78963.3000
0.5841 0.4956 78979.9000
0.5866 0.4952 78996.6000
0.5847 0.4976 79013.3000
0.5826 0.4977 79030.0000
0.5835 0.4990 79046.6000
0.5821 0.4991 79063.3000
0.5813 0.4990 79079.9000
0.5803 0.4978 79096.6000
0.5844 0.5003 79113.2000
0.5797 0.5003 79129.9000
0.5785 0.5115 79146.5000
0.5789 0.5092 79163.2000
0.5764 0.5092 79179.9000
0.5789 0.5092 79196.6000
0.5884 0.5030 79213.2000
0.5777 0.5197 79229.9000
0.5831 0.5091 79246.5000
0.5791 0.5215 79263.2000
0.5770 0.5263 79279.8000
0.5776 0.5269 79296.5000
0.5729 0.5285 79313.2000
0.5779 0.5274 79329.8000
0.5760 0.5270 79346.5000
0.5759 0.5265 79363.2000
0.5765 0.5286 79379.8000
0.5775 0.5270 79396.5000
0.5779 0.5272 79413.1000
0.5781 0.5290 79429.8000
0.5757 0.5299 79446.4000
0.5765 0.5289 79463.1000
0.5759 0.5293 79479.8000
0.5774 0.5296 79496.5000
0.5781 0.5282 79513.1000
0.5784 0.5281 79529.8000
0.5786 0.5296 79546.4000
0.5792 0.5292 79563.1000
0.5756 0.5312 79579.7000
0.5791 0.5294 79596.4000
0.5787 0.5288 79613.0000
0.5794 0.5286 79629.7000
0.5791 0.5291 79646.4000
0.5794 0.5278 79663.1000
0.5761 0.5295 79679.7000
0.5805 0.5243 79696.4000
0.5817 0.5270 79713.0000
0.5835 0.5285 79729.7000
0.5824 0.5314 79746.3000
0.5824 0.5331 79763.0000
0.5833 0.5327 79779.6000
0.5811 0.5319 79796.3000
0.5822 0.5327 79813.0000
0.5821 0.5323 79829.7000
0.5829 0.5321 79846.3000
0.5819 0.5331 79863.0000
0.5824 0.5310 79879.6000
0.5829 0.5315 79896.3000
0.5810 0.5266 79912.9000
0.5813 0.5322 79929.6000
0.5824 0.5326 79946.2000
0.5821 0.5332 79962.9000
0.5804 0.5308 79979.6000
0.5822 0.5315 79996.3000
0.5821 0.5294 80012.9000
0.5851 0.5287 80029.6000
0.5840 0.5174 80046.2000
0.5840 0.5174 80062.9000
0.5840 0.5174 80079.5000
0.5919 0.5311 80096.2000
0.5901 0.5335 80112.9000
0.5856 0.5365 80129.5000
0.5876 0.5389 80146.2000
0.5919 0.5311 80162.9000
0.5919 0.5311 80179.5000
0.5897 0.5310 80196.2000
0.5876 0.5389 80212.8000
0.5876 0.5389 80229.5000
0.5897 0.5308 80246.1000
0.5862 0.5385 80262.8000
0.5897 0.5308 80279.5000
0.5854 0.5381 80296.2000
0.5849 0.5357 80312.8000
0.5861 0.5377 80329.5000
0.5842 0.5373 80346.1000
0.5874 0.5411 80362.8000
0.5919 0.5311 80379.4000
0.5945 0.5274 80396.1000
0.5919 0.5311 80412.7000
0.5926 0.5247 80429.4000
0.5919 0.5311 80446.1000
0.5926 0.5247 80462.8000
0.5895 0.5334 80479.4000
0.5876 0.5389 80496.1000
0.5879 0.5281 80512.7000
0.5785 0.5372 80529.4000
0.5781 0.5365 80546.0000
0.5814 0.5307 80562.7000
0.5876 0.5389 80579.4000
0.5884 0.5246 80596.0000
0.5855 0.5308 80612.7000
0.5839 0.5338 80629.4000
0.5879 0.5281 80646.0000
0.5825 0.5354 80662.7000
0.5841 0.5332 80679.3000
0.5831 0.5312 80696.0000
0.5855 0.5308 80712.6000
0.5804 0.5339 80729.3000
0.5855 0.5308 80746.0000
0.5860 0.5275 80762.6000
0.5874 0.5411 80779.3000
0.5874 0.5411 80796.0000
0.5876 0.5355 80812.6000
0.5874 0.5411 80829.3000
0.5876 0.5311 80845.9000
0.5905 0.5249 80862.6000
0.5855 0.5308 80879.2000
0.5880 0.5277 80895.9000
0.5884 0.5246 80912.6000
0.5834 0.5307 80929.3000
0.5909 0.5224 80945.9000
0.5835 0.5280 80962.6000
0.5905 0.5249 80979.2000
0.5835 0.5299 80995.9000
0.5876 0.5311 81012.5000
0.5879 0.5239 81029.2000
0.5905 0.5249 81045.8000
0.5860 0.5353 81062.5000
0.5880 0.5277 81079.2000
0.5834 0.5307 81095.9000
0.5881 0.5364 81112.5000
0.5880 0.5277 81129.2000
0.5926 0.5247 81145.8000
0.5837 0.5279 81162.5000
0.5926 0.5247 81179.1000
0.5880 0.5277 81195.8000
0.5887 0.5363 81212.4000
0.5862 0.5253 81229.1000
0.5879 0.5345 81245.8000
0.5837 0.5279 81262.5000
0.5905 0.5249 81279.1000
0.5933 0.5223 81295.8000
0.5896 0.5353 81312.4000
0.5885 0.5254 81329.1000
0.5897 0.5348 81345.7000
0.5885 0.5254 81362.4000
0.5906 0.5332 81379.1000
0.5946 0.5287 81395.7000
0.5894 0.5338 81412.4000
0.5894 0.5338 81412.4000
0.5887 0.5331 81429.5000
0.5895 0.5296 81463.6000
0.5879 0.5345 81479.1000
0.5884 0.5214 81495.7000
0.5984 0.5273 81512.3000
0.5861 0.5202 81529.0000
0.5970 0.5269 81545.7000
0.5920 0.5212 81562.3000
0.5980 0.5266 81579.0000
0.5984 0.5250 81595.7000
0.5926 0.5203 81612.3000
0.4702 0.4222 81629.0000
0.2730 0.2457 81645.6000
0.1417 0.1326 81662.3000
0.1323 0.1296 81678.9000
0.1452 0.1236 81695.6000
0.1480 0.1183 81712.3000
0.1465 0.1185 81729.0000
0.1455 0.1209 81745.6000
0.1451 0.1228 81762.3000
0.1470 0.1207 81778.9000
0.1447 0.1226 81795.6000
0.1464 0.1209 81812.2000
0.1441 0.1246 81828.9000
0.1463 0.1209 81845.5000
0.1358 0.1240 81862.2000
0.1190 0.1045 81878.9000
0.1212 0.1129 81895.6000
0.1190 0.1153 81912.2000
0.1200 0.1138 81928.9000
0.1195 0.1143 81945.5000
0.1195 0.1140 81962.2000
0.1142 0.1173 81978.8000
0.1129 0.1179 81995.5000
0.1181 0.1170 82012.2000
0.1111 0.1175 82028.8000
0.1139 0.1169 82045.5000
0.1030 0.1164 82062.2000
0.1052 0.1194 82078.8000
0.1056 0.1184 82095.5000
0.1039 0.1173 82112.1000
0.1040 0.1214 82128.8000
0.1084 0.1191 82145.4000
0.1284 0.1203 82162.1000
0.1356 0.1301 82178.8000
0.1338 0.1355 82195.4000
0.1115 0.1371 82212.1000
0.1150 0.1263 82228.8000
0.1064 0.1189 82245.4000
0.1047 0.1195 82262.1000
0.1030 0.1193 82278.7000
0.1026 0.1167 82295.4000
0.0990 0.1193 82312.0000
0.0988 0.1221 82328.7000
0.0956 0.1204 82345.4000
0.0955 0.1179 82362.1000
0.0950 0.1179 82378.7000
0.0939 0.1158 82395.4000
0.0886 0.1212 82412.0000
0.0885 0.1188 82428.7000
0.1076 0.1239 82445.3000
0.1040 0.1236 82462.0000
0.1051 0.1229 82478.6000
0.1043 0.1247 82495.3000
0.1045 0.1251 82512.0000
0.1050 0.1258 82528.7000
0.1038 0.1269 82545.3000
0.1046 0.1237 82562.0000
0.1044 0.1253 82578.6000
0.1025 0.1261 82595.3000
0.1033 0.1241 82611.9000
0.1026 0.1261 82628.6000
0.1013 0.1252 82645.2000
0.1010 0.1264 82661.9000
0.1000 0.1264 82678.6000
0.1008 0.1279 82695.3000
0.0999 0.1275 82711.9000
0.0990 0.1269 82728.6000
0.0999 0.1277 82745.2000
0.1164 0.1272 82761.9000
0.1717 0.1213 82778.5000
0.1621 0.1325 82795.2000
0.1624 0.1323 82811.8000
0.1636 0.1294 82828.5000
0.1640 0.1301 82845.2000
0.1670 0.1299 82861.9000
0.1638 0.1314 82878.5000
0.1710 0.1307 82895.2000
0.1694 0.1318 82911.8000
0.1608 0.1316 82928.5000
0.1133 0.1316 82945.1000
0.1148 0.1295 82961.8000
0.1165 0.1266 82978.5000
0.1153 0.1286 82995.1000
0.1146 0.1271 83011.8000
0.1140 0.1233 83028.5000
0.1145 0.1275 83045.1000
0.1144 0.1268 83061.8000
0.1139 0.1275 83078.4000
0.1120 0.1236 83095.1000
0.1142 0.1293 83111.7000
0.1139 0.1283 83128.4000
0.1126 0.1287 83145.1000
0.1137 0.1276 83161.8000
0.1141 0.1295 83178.4000
0.1129 0.1293 83195.1000
0.1142 0.1277 83211.7000
0.1149 0.1293 83228.4000
0.1149 0.1272 83245.0000
0.1136 0.1288 83261.7000
0.1142 0.1304 83278.3000
0.1124 0.1302 83295.0000
0.1131 0.1285 83311.7000
0.1148 0.1288 83328.4000
0.1140 0.1274 83345.0000
0.1142 0.1278 83361.7000
0.1135 0.1270 83378.3000
0.1126 0.1295 83395.0000
0.1142 0.1287 83411.6000
0.1144 0.1276 83428.3000
0.1160 0.1268 83444.9000
0.2127 0.1075 83461.6000
0.4095 0.0963 83478.3000
0.5664 0.0860 83495.0000
0.5835 0.1049 83511.6000
0.5837 0.1058 83528.3000
0.5889 0.1040 83544.9000
0.5958 0.0995 83561.6000
0.6004 0.1038 83578.2000
0.6015 0.1039 83594.9000
0.5974 0.1019 83611.6000
0.6039 0.1080 83628.2000
0.6896 0.2170 83644.9000
0.7816 0.3682 83661.6000
0.8676 0.4717 83678.2000
0.9452 0.5510 83694.9000
0.9496 0.5601 83711.5000
0.9524 0.5598 83728.2000
0.9542 0.5634 83744.8000
0.9546 0.5701 83761.5000
0.9544 0.5702 83778.2000
0.9561 0.5741 83794.9000
0.9564 0.5757 83811.5000
0.9556 0.5762 83828.2000
0.9569 0.5762 83844.8000
0.9576 0.5783 83861.5000
0.9585 0.5772 83878.1000
0.9561 0.5787 83894.8000
0.9567 0.5788 83911.4000
0.9571 0.5799 83928.1000
0.9571 0.5786 83944.8000
0.9537 0.5862 83961.5000
0.9529 0.5850 83978.1000
0.9530 0.5847 83994.8000
0.9525 0.5854 84011.4000
0.9536 0.5859 84028.1000
0.9541 0.5866 84044.7000
0.9536 0.5853 84061.4000
0.9564 0.5806 84078.0000
0.9536 0.5850 84094.7000
0.9552 0.5797 84111.4000
0.8650 0.5360 84128.1000
0.7084 0.4242 84144.7000
0.6440 0.3962 84161.4000
0.6488 0.3939 84178.0000
0.6495 0.3934 84194.7000
0.6491 0.3920 84211.3000
0.6489 0.3904 84228.0000
0.6491 0.3905 84244.7000
0.6507 0.3886 84261.3000
0.6500 0.3919 84278.0000
0.6502 0.3913 84294.7000
0.5968 0.3571 84311.3000
0.3949 0.2382 84328.0000
0.2069 0.1250 84344.6000
0.1359 0.1162 84361.3000
0.1406 0.1129 84377.9000
0.1429 0.1121 84394.6000
0.1414 0.1176 84411.3000
0.1436 0.1124 84428.5000
0.1417 0.1191 84444.6000
0.1409 0.1182 84462.2000
0.6491 0.3905 84478.8000
0.1405 0.1203 84494.6000
0.1416 0.1227 84511.2000
0.1410 0.1230 84527.9000
0.1416 0.1236 84544.5000
0.1417 0.1254 84561.2000
0.1424 0.1249 84577.9000
0.1446 0.1259 84594.6000
0.1444 0.1256 84611.2000
0.2496 0.1048 84627.9000
0.5250 0.0695 84644.5000
0.7884 0.0707 84661.2000
1.0103 0.0917 84677.8000
1.1095 0.1081 84694.5000
1.1118 0.1110 84711.1000
1.1166 0.1097 84727.8000
1.1195 0.1123 84744.5000
1.1205 0.1156 84761.2000
1.1219 0.1161 84777.8000
1.1226 0.1202 84794.5000
1.1229 0.1169 84811.1000
1.1238 0.1210 84827.8000
1.1230 0.1206 84844.4000
1.1235 0.1231 84861.1000
1.1255 0.1261 84877.7000
1.1258 0.1264 84894.4000
1.1276 0.1274 84911.1000
1.1336 0.1347 84927.8000
1.1369 0.1383 84944.4000
1.1405 0.1445 84961.1000
1.1386 0.1493 84977.7000
1.1262 0.1196 84994.4000
1.1231 0.1025 85011.0000
1.1214 0.1082 85027.7000
1.1211 0.1023 85044.4000
1.1184 0.1063 85061.0000
1.1173 0.1038 85077.7000
1.1185 0.1033 85094.4000
1.1129 0.1043 85111.0000
1.1156 0.1034 85127.7000
1.1142 0.1028 85144.3000
1.1160 0.1006 85161.0000
1.1126 0.1037 85177.6000
1.1158 0.1005 85194.3000
1.1153 0.1001 85211.0000
1.1127 0.1027 85227.7000
1.1165 0.1010 85244.3000
1.1167 0.1011 85261.0000
1.1080 0.1075 85277.6000
1.0995 0.1277 85294.3000
1.1013 0.1189 85310.9000
1.1019 0.1164 85327.6000
1.1011 0.1193 85344.2000
1.1000 0.1244 85360.9000
1.0999 0.1191 85377.6000
1.1009 0.1240 85394.3000
1.0978 0.1264 85410.9000
1.0938 0.1213 85427.6000
1.0959 0.1232 85444.2000
1.0924 0.1226 85460.9000
1.0954 0.1257 85477.5000
1.0980 0.1244 85494.2000
1.0965 0.1252 85510.8000
1.0979 0.1225 85527.5000
1.0965 0.1239 85544.2000
1.0922 0.1222 85560.9000
1.0885 0.1290 85577.5000
1.0959 0.1244 85594.2000
1.0970 0.1226 85610.8000
1.0964 0.1234 85627.5000
1.0964 0.1252 85644.1000
1.0962 0.1231 85660.8000
1.0970 0.1252 85677.5000
1.0960 0.1254 85694.1000
1.0959 0.1266 85710.8000
1.0961 0.1238 85727.5000
1.0966 0.1241 85744.1000
1.0964 0.1226 85760.8000
1.0973 0.1238 85777.4000
1.0974 0.1227 85794.1000
1.0969 0.1244 85810.7000
1.0966 0.1236 85827.4000
1.0958 0.1229 85844.1000
1.0961 0.1247 85860.7000
1.0942 0.1291 85877.4000
1.1001 0.1255 85894.1000
1.0975 0.1233 85910.7000
1.0996 0.1248 85927.4000
1.1005 0.1173 85944.0000
1.1005 0.1236 85960.7000
1.1015 0.1190 85977.3000
1.0971 0.1228 85994.0000
1.0961 0.1259 86010.7000
1.0993 0.1243 86027.4000
1.1011 0.1186 86044.0000
1.1011 0.1158 86060.7000
1.1008 0.1150 86077.3000
1.1016 0.1136 86094.0000
1.1008 0.1185 86110.6000
1.1004 0.1209 86127.3000
1.1006 0.1159 86143.9000
1.0958 0.1268 86160.6000
1.1004 0.1142 86177.3000
1.1001 0.1226 86194.0000
1.1001 0.1142 86210.6000
1.0990 0.1157 86227.3000
1.0786 0.1363 86243.9000
1.0106 0.1878 86260.6000
0.9778 0.1948 86277.2000
0.9799 0.1936 86293.9000
0.9805 0.1930 86310.5000
0.9799 0.1898 86327.2000
0.9798 0.1932 86343.9000
0.9781 0.1920 86360.6000
0.9785 0.1912 86377.2000
0.9773 0.1906 86393.9000
0.9781 0.1909 86410.5000
0.9780 0.1913 86427.2000
0.9789 0.1902 86443.9000
0.9782 0.1903 86460.5000
0.9776 0.1927 86477.2000
0.9786 0.1920 86493.9000
0.9786 0.1919 86510.5000
0.9796 0.1914 86527.2000
0.9804 0.1927 86543.8000
0.9801 0.1977 86560.5000
0.9790 0.1960 86577.1000
0.9795 0.1895 86593.8000
0.9740 0.1908 86610.4000
0.9792 0.1906 86627.1000
0.9809 0.1920 86643.8000
0.9800 0.1915 86660.5000
0.9809 0.1948 86677.1000
0.9794 0.1913 86693.8000
0.9798 0.1959 86710.4000
0.9795 0.1918 86727.1000
0.9814 0.1910 86743.7000
0.9810 0.1947 86760.4000
0.9805 0.1937 86777.0000
0.9795 0.1898 86793.7000
0.9809 0.1934 86810.4000
1.0071 0.1729 86827.1000
1.0733 0.1350 86843.7000
1.0875 0.1183 86860.4000
1.0905 0.1184 86877.0000
1.0931 0.1186 86893.7000
1.0954 0.1199 86910.3000
1.0973 0.1196 86927.0000
1.0961 0.1189 86943.6000
1.0974 0.1208 86960.3000
1.0919 0.1200 86977.0000
1.0954 0.1212 86993.7000
1.0969 0.1226 87010.3000
1.0969 0.1211 87027.0000
1.0945 0.1248 87043.6000
1.0960 0.1224 87060.3000
1.0960 0.1201 87076.9000
1.0710 0.1428 87093.6000
0.9801 0.2060 87110.3000
0.8940 0.2466 87126.9000
0.8856 0.2485 87143.6000
0.8841 0.2500 87160.3000
0.8849 0.2486 87176.9000
0.8831 0.2492 87193.6000
0.8829 0.2479 87210.2000
0.8836 0.2500 87226.9000
0.8849 0.2479 87243.5000
0.8841 0.2503 87260.2000
0.8826 0.2507 87276.9000
0.8831 0.2505 87293.5000
0.8841 0.2496 87310.2000
0.8800 0.2523 87326.9000
0.8841 0.2512 87343.5000
0.8816 0.2527 87360.2000
0.8828 0.2516 87376.8000
0.8819 0.2532 87393.5000
0.8818 0.2540 87410.1000
